wzrost
160.3
188.26
185.22
160.87
154.83
168.54
189.41
181.56
152.82
153.27
175.69
175.23
169.31
143.56
185.34
185.89
185.14
161.48
187.64
152.89
194.83
204.9
152.64
173.69
180.44
179.24
184.89
162.98
159
184.28
164.03
168.38
176.99
148.18
175.28
161.46
158.93
156.46
177.8
157.37
172.99
165.31
178.28
178.39
139.58
139.51
168.38
170.45
192.43
152.29
188.14
175.68
207.72
180.14
175.19
170.49
187.51
176.75
164.04
163.72
165.28
154.87
162.03
155.12
171.5
187.45
193.41
186.15
165.48
160.73
173.58
195.89
185.43
171.95
173.29
191.98
185.31
160.06
177.27
192.79
183.75
170.6
185.4
173.79
173.54
180.62
158.26
198.16
172.73
176.67
177.95
171.98
165.69
176.54
146.44
169.35
168.9
135.47
157.5
159.6